===== RESUMEN ESTADÍSTICO =====

       brightness_orig  brightness_pre  brightness_diff  contrast_orig  contrast_pre  ...  hist_var_pre  hist_var_diff    noise_orig     noise_pre    noise_diff
count     10015.000000    10015.000000     10015.000000   10015.000000  10015.000000  ...  1.001500e+04   10015.000000  10015.000000  10015.000000  10015.000000
mean        156.556942      155.526528        -1.030414      28.037591     35.548312  ...  2.933267e-05      -0.000036     93.444790    117.801332     24.356542
std          19.232437       14.717577         8.722812      11.358865      8.854341  ...  1.406942e-05       0.000024     10.432704      3.677692      7.526770
min          58.222330       82.785144       -51.110374       5.259409     14.422002  ...  8.255623e-07      -0.000287     45.978911     91.464111     -1.150715
25%         143.669411      145.451767        -6.058243      19.818554     29.134135  ...  1.885966e-05      -0.000049     88.001394    115.952669     19.593009
50%         156.404711      155.201156        -1.886970      26.041636     34.347309  ...  2.730431e-05      -0.000031     93.797944    118.060674     23.916030
75%         169.474141      165.412835         3.330522      34.162134     40.848983  ...  3.747546e-05      -0.000019    100.162919    120.172446     28.188154
max         229.886074      211.453319        44.274356      85.487211     75.144506  ...  1.276351e-04       0.000014    129.649811    135.716800     60.350852

[8 rows x 15 columns]